Star State:
--------------
|   12 10 11 |
|8  5  9  4  |
|2  1  14 7  |
|13 0  6  3  |
--------------

['', 12, 10, 11, 8, 5, 9, 4, 2, 1, 14, 7, 13, 0, 6, 3]

Target found:

Path to Target:  [(0, 0), (1, 0), (1, 1), (2, 1), (3, 1), (3, 2), (3, 3), (2, 3), (2, 2), (3, 2), (3, 1), (3, 0), (2, 0), (2, 1), (2, 2), (1, 2), (0, 2), (0, 1), (0, 0), (1, 0), (2, 0), (2, 1), (2, 2), (3, 2), (3, 1), (3, 0), (2, 0), (2, 1), (2, 2), (1, 2), (1, 3), (2, 3), (3, 3), (3, 2), (3, 1), (2, 1), (1, 1), (1, 2), (0, 2), (0, 1), (1, 1), (2, 1), (2, 2), (2, 3), (1, 3), (0, 3), (0, 2), (1, 2), (1, 1), (1, 0), (0, 0), (0, 1), (1, 1), (1, 0), (2, 0), (2, 1), (2, 2), (3, 2), (3, 3)]

Steps:  58
Limit:  58.0

Added nodes:  25207030
Closed nodes:  25207022
Ommited Nodes:  23101314
Stack Length:  21
Overall computed Heuristics:  48308346
Overall used Time: 1026s 728.897ms

--------------------------------------------------------------------------------------------------------------------------------------------

Start State:
--------------
|9  1  4  3  |
|   10 12 7  |
|2  6  5  11 |
|13 0  8  14 |
--------------

[9, 1, 4, 3, '', 10, 12, 7, 2, 6, 5, 11, 13, 0, 8, 14]

Target found:

Path to Target:  [(0, 1), (0, 0), (1, 0), (1, 1), (2, 1), (2, 2), (1, 2), (0, 2), (0, 1), (1, 1), (1, 2), (1, 3), (2, 3), (2, 2), (2, 1), (1, 1), (1, 2), (1, 3), (0, 3), (0, 2), (0, 1), (1, 1), (1, 0), (2, 0), (2, 1), (2, 2), (2, 3), (1, 3), (0, 3), (0, 2), (1, 2), (1, 1), (1, 0), (0, 0), (0, 1), (1, 1), (2, 1), (2, 2), (1, 2), (1, 3), (2, 3), (3, 3)]

Steps:  41
Limit:  41.0

Added nodes:  264433
Closed nodes:  264425
Ommited Nodes:  273886
Stack Length:  14
Overall computed Heuristics:  538320
Overall used Time: 10s 89.482ms

--------------------------------------------------------------------------------------------------------------------------------------------

Start State:
--------------
|   7  11 12 |
|6  9  4  14 |
|0  10 3  13 |
|1  2  5  8  |
--------------

['', 7, 11, 12, 6, 9, 4, 14, 0, 10, 3, 13, 1, 2, 5, 8]

Target found:

Path to Target:  [(0, 0), (0, 1), (0, 2), (1, 2), (2, 2), (2, 3), (3, 3), (3, 2), (3, 1), (3, 0), (2, 0), (1, 0), (0, 0), (0, 1), (1, 1), (1, 2), (1, 3), (2, 3), (2, 2), (2, 1), (3, 1), (3, 0), (2, 0), (1, 0), (1, 1), (1, 2), (2, 2), (2, 1), (2, 0), (1, 0), (1, 1), (1, 2), (0, 2), (0, 3), (1, 3), (2, 3), (2, 2), (1, 2), (0, 2), (0, 1), (1, 1), (1, 2), (1, 3), (2, 3), (3, 3), (3, 2), (3, 1), (3, 0), (2, 0), (1, 0), (1, 1), (1, 2), (0, 2), (0, 3), (1, 3), (2, 3), (3, 3)]

Steps:  56
Limit:  56.0

Added nodes:  674444
Closed nodes:  674438
Ommited Nodes:  656031
Stack Length:  12
Overall computed Heuristics:  1330476
Overall used Time: 25s 656.027ms

--------------------------------------------------------------------------------------------------------------------------------------------

Start State:
--------------
|8  1  2  7  |
|10 5  13 0  |
|12 4  9  11 |
|3  14    6  |
--------------

[8, 1, 2, 7, 10, 5, 13, 0, 12, 4, 9, 11, 3, 14, '', 6]

Target found:

Path to Target:  [(2, 3), (1, 3), (0, 3), (0, 2), (0, 1), (1, 1), (1, 2), (0, 2), (0, 1), (0, 0), (1, 0), (1, 1), (2, 1), (3, 1), (3, 2), (3, 3), (2, 3), (1, 3), (1, 2), (1, 1), (2, 1), (2, 2), (2, 3), (1, 3), (1, 2), (0, 2), (0, 1), (1, 1), (2, 1), (2, 2), (1, 2), (1, 1), (1, 0), (2, 0), (2, 1), (2, 2), (3, 2), (3, 1), (3, 0), (2, 0), (1, 0), (0, 0), (0, 1), (1, 1), (2, 1), (2, 2), (2, 3), (3, 3)]

Steps:  47
Limit:  47.0

Added nodes:  2293420
Closed nodes:  2293408
Ommited Nodes:  2277242
Stack Length:  22
Overall computed Heuristics:  4570664
Overall used Time: 87s 272.131ms

--------------------------------------------------------------------------------------------------------------------------------------------

Start State:
--------------
|9  8  2  11 |
|   7  13 6  |
|5  12 1  3  |
|14 4  10 0  |
--------------

[9, 8, 2, 11, '', 7, 13, 6, 5, 12, 1, 3, 14, 4, 10, 0]

Target found:

Path to Target:  [(0, 1), (0, 2), (1, 2), (2, 2), (2, 1), (3, 1), (3, 0), (2, 0), (2, 1), (1, 1), (1, 2), (1, 3), (0, 3), (0, 2), (0, 1), (0, 0), (1, 0), (1, 1), (1, 2), (2, 2), (3, 2), (3, 1), (2, 1), (2, 2), (2, 3), (3, 3), (3, 2), (2, 2), (2, 3), (1, 3), (1, 2), (2, 2), (3, 2), (3, 1), (2, 1), (2, 0), (1, 0), (1, 1), (1, 2), (0, 2), (0, 1), (0, 0), (1, 0), (1, 1), (1, 2), (0, 2), (0, 1), (0, 0), (1, 0), (2, 0), (3, 0), (3, 1), (3, 2), (3, 3)]

Steps:  53
Limit:  53.0

Added nodes:  6838035
Closed nodes:  6838025
Ommited Nodes:  6467074
Stack Length:  19
Overall computed Heuristics:  13305111
Overall used Time: 264s 354.025ms

--------------------------------------------------------------------------------------------------------------------------------------------

Start State:
--------------
|12 4  2  7  |
|6  1  9  3  |
|14 5  8     |
|0  10 11 13 |
--------------

[12, 4, 2, 7, 6, 1, 9, 3, 14, 5, 8, '', 0, 10, 11, 13]

Target found:

Path to Target:  [(3, 2), (3, 3), (2, 3), (1, 3), (0, 3), (0, 2), (0, 1), (0, 0), (1, 0), (1, 1), (2, 1), (3, 1), (3, 0), (2, 0), (1, 0), (1, 1), (1, 2), (0, 2), (0, 1), (1, 1), (1, 2), (1, 3), (0, 3), (0, 2), (1, 2), (2, 2), (3, 2), (3, 1), (2, 1), (1, 1), (1, 0), (0, 0), (0, 1), (0, 2), (1, 2), (2, 2), (2, 3), (1, 3), (1, 2), (1, 1), (1, 0), (0, 0), (0, 1), (1, 1), (1, 0), (2, 0), (3, 0), (3, 1), (3, 2), (3, 3)]

Steps:  49
Limit:  49.0

Added nodes:  2477184
Closed nodes:  2477172
Ommited Nodes:  2332167
Stack Length:  23
Overall computed Heuristics:  4809353
Overall used Time: 105s 901.606ms

--------------------------------------------------------------------------------------------------------------------------------------------

Start State:
--------------
|6  12    0  |
|9  11 8  4  |
|14 7  3  2  |
|10 5  13 1  |
--------------

[6, 12, '', 0, 9, 11, 8, 4, 14, 7, 3, 2, 10, 5, 13, 1]

Target found:

Path to Target:  [(2, 0), (3, 0), (3, 1), (3, 2), (2, 2), (1, 2), (0, 2), (0, 1), (0, 0), (1, 0), (2, 0), (3, 0), (3, 1), (3, 2), (2, 2), (1, 2), (1, 1), (1, 0), (2, 0), (3, 0), (3, 1), (3, 2), (2, 2), (1, 2), (1, 3), (2, 3), (3, 3), (3, 2), (2, 2), (2, 3), (1, 3), (0, 3), (0, 2), (0, 1), (0, 0), (1, 0), (1, 1), (2, 1), (2, 2), (1, 2), (0, 2), (0, 1), (1, 1), (2, 1), (2, 2), (1, 2), (1, 3), (0, 3), (0, 2), (0, 1), (0, 0), (1, 0), (1, 1), (2, 1), (2, 2), (1, 2), (1, 3), (2, 3), (3, 3)]

Steps:  58
Limit:  58.0

Added nodes:  10876995
Closed nodes:  10876972
Ommited Nodes:  10453324
Stack Length:  30
Overall computed Heuristics:  21330320
Overall used Time: 443s 392.47ms

--------------------------------------------------------------------------------------------------------------------------------------------

Start State:
--------------
|9  4  1  5  |
|6  3  12 0  |
|13 11    7  |
|8  10 14 2  |
--------------

[9, 4, 1, 5, 6, 3, 12, 0, 13, 11, '', 7, 8, 10, 14, 2]

Target found:

Path to Target:  [(2, 2), (2, 1), (1, 1), (0, 1), (0, 0), (1, 0), (2, 0), (2, 1), (3, 1), (3, 2), (3, 3), (2, 3), (2, 2), (3, 2), (3, 1), (3, 0), (2, 0), (2, 1), (2, 2), (1, 2), (1, 1), (1, 0), (2, 0), (2, 1), (3, 1), (3, 2), (2, 2), (1, 2), (0, 2), (0, 1), (0, 0), (1, 0), (1, 1), (2, 1), (2, 2), (1, 2), (1, 3), (2, 3), (2, 2), (1, 2), (0, 2), (0, 3), (1, 3), (2, 3), (3, 3)]

Steps:  44
Limit:  44.0

Added nodes:  110305
Closed nodes:  110288
Ommited Nodes:  109417
Stack Length:  22
Overall computed Heuristics:  219723
Overall used Time: 5s 377.76ms
